# ----- Rotor performance tables for the NREL-5MW wind turbine ----- 
# ------------ Written on Jan-05-24 using the ROSCO toolbox ------------ 

# Pitch angle vector, 36 entries - x axis (matrix columns) (deg)
-5.0   -4.0   -3.0   -2.0   -1.0   0.0   1.0   2.0   3.0   4.0   5.0   6.0   7.0   8.0   9.0   10.0   11.0   12.0   13.0   14.0   15.0   16.0   17.0   18.0   19.0   20.0   21.0   22.0   23.0   24.0   25.0   26.0   27.0   28.0   29.0   30.0   
# TSR vector, 26 entries - y axis (matrix rows) (-)
2.0    2.5    3.0    3.5    4.0    4.5    5.0    5.5    6.0    6.5    7.0    7.5    8.0    8.5    9.0    9.5    10.0    10.5    11.0    11.5    12.0    12.5    13.0    13.5    14.0    14.5    
# Wind speed vector - z axis (m/s)
11.4    

# Power coefficient

0.006673   0.009813   0.013077   0.016508   0.020121   0.023918   0.027887   0.032006   0.036239   0.040540   0.044858   0.049138   0.053326   0.057366   0.061205   0.064796   0.068092   0.071051   0.073631   0.075796   0.077520   0.078793   0.079606   0.079960   0.079851   0.079303   0.078341   0.076993   0.075269   0.073154   0.070619   0.067607   0.064059   0.059976   0.055381   0.050328   
0.020093   0.026878   0.033876   0.041033   0.048264   0.055472   0.062560   0.069438   0.076024   0.082246   0.088041   0.093349   0.098111   0.102262   0.105746   0.108521   0.110563   0.111865   0.112435   0.112304   0.111503   0.110082   0.108043   0.105376   0.102030   0.097898   0.092907   0.087092   0.080496   0.073183   0.065206   0.056618   0.047499   0.037975   0.028144   0.018084   
0.048757   0.059921   0.070879   0.081507   0.091686   0.101314   0.110305   0.118583   0.126073   0.132692   0.138350   0.142964   0.146489   0.148943   0.150362   0.150761   0.150158   0.148560   0.145993   0.142397   0.137606   0.131540   0.124241   0.115747   0.106162   0.095542   0.084010   0.071754   0.058916   0.045611   0.031929   0.017939   0.003701   -0.010721   -0.025259   -0.039848   
0.090123   0.104877   0.118836   0.131893   0.143960   0.154953   0.164779   0.173312   0.180438   0.186133   0.190421   0.193294   0.194678   0.194534   0.192871   0.189594   0.184490   0.177561   0.168847   0.158486   0.146540   0.133153   0.118581   0.103012   0.086606   0.069499   0.051807   0.033628   0.015032   -0.003936   -0.023212   -0.042681   -0.062203   -0.081676   -0.101014   -0.120137   
0.139124   0.156683   0.172900   0.187702   0.200999   0.212708   0.222753   0.231064   0.237530   0.241950   0.244105   0.243809   0.240834   0.235185   0.226970   0.216406   0.203595   0.188826   0.172423   0.154596   0.135472   0.115191   0.093900   0.071756   0.048901   0.025448   0.001458   -0.023067   -0.048079   -0.073394   -0.098747   -0.123895   -0.148637   -0.172971   -0.196999   -0.220426   
0.191782   0.211839   0.230276   0.247076   0.262108   0.275107   0.285675   0.293225   0.297120   0.296897   0.292698   0.284905   0.273940   0.260137   0.243968   0.225765   0.205747   0.184043   0.160750   0.135955   0.109826   0.082562   0.054348   0.025323   -0.004446   -0.034984   -0.066317   -0.098276   -0.130442   -0.162297   -0.193412   -0.223708   -0.253665   -0.283545   -0.312671   -0.340141   
0.246353   0.270341   0.292682   0.312826   0.329812   0.342452   0.349588   0.350795   0.346468   0.337517   0.324917   0.309376   0.291271   0.270831   0.248190   0.223438   0.196656   0.167952   0.137415   0.105258   0.071725   0.037018   0.001262   -0.035533   -0.073456   -0.112508   -0.152329   -0.192145   -0.231094   -0.268667   -0.305110   -0.341553   -0.378474   -0.414899   -0.449086   -0.478909   
0.306242   0.335683   0.361286   0.381426   0.394666   0.400010   0.397806   0.389766   0.377676   0.362345   0.344062   0.323009   0.299286   0.272920   0.243930   0.212388   0.178407   0.142106   0.103741   0.063607   0.021945   -0.021117   -0.065612   -0.111678   -0.159288   -0.207873   -0.256248   -0.303159   -0.347972   -0.391262   -0.434965   -0.480254   -0.525739   -0.568955   -0.606708   -0.638533   
0.368062   0.397982   0.420677   0.434160   0.438041   0.434595   0.426094   0.413722   0.397832   0.378568   0.356023   0.330206   0.301062   0.268542   0.232706   0.193700   0.151739   0.107083   0.060107   0.011125   -0.039711   -0.092455   -0.147290   -0.204180   -0.262421   -0.320481   -0.376559   -0.429702   -0.480650   -0.532193   -0.586717   -0.643177   -0.698195   -0.746783   -0.788014   -0.825218   
0.413915   0.437699   0.451902   0.458070   0.457966   0.452866   0.443478   0.429833   0.411920   0.389792   0.363427   0.332761   0.297737   0.258384   0.214897   0.167596   0.116799   0.062939   0.006434   -0.052491   -0.113874   -0.177939   -0.244677   -0.313398   -0.382360   -0.449143   -0.512101   -0.571792   -0.631582   -0.695509   -0.764243   -0.833636   -0.896798   -0.950561   -0.998369   -1.044828   
0.427323   0.444279   0.455447   0.462055   0.464497   0.462253   0.454596   0.441298   0.422255   0.397517   0.367138   0.331123   0.289519   0.242517   0.190535   0.134076   0.073567   0.009565   -0.057574   -0.127803   -0.201376   -0.278346   -0.358172   -0.439118   -0.518329   -0.593032   -0.663068   -0.731776   -0.804602   -0.885395   -0.971041   -1.052726   -1.123155   -1.184541   -1.242707   -1.302085   
0.413889   0.430080   0.443986   0.455667   0.463489   0.465861   0.461378   0.449315   0.429515   0.402102   0.367324   0.325346   0.276399   0.220930   0.159637   0.093101   0.021934   -0.053298   -0.132382   -0.215535   -0.302917   -0.394173   -0.487835   -0.580990   -0.669720   -0.752400   -0.831452   -0.912845   -1.003840   -1.105590   -1.208911   -1.301215   -1.380509   -1.453087   -1.525242   -1.600225   
0.390737   0.409602   0.427383   0.443933   0.457445   0.465004   0.464410   0.454180   0.433863   0.403639   0.364016   0.315424   0.258360   0.193622   0.122135   0.044566   -0.038314   -0.126024   -0.218607   -0.316341   -0.419060   -0.525700   -0.633668   -0.738622   -0.836835   -0.928786   -1.019688   -1.118620   -1.233319   -1.358741   -1.478111   -1.581346   -1.672639   -1.759983   -1.849169   -1.941927   
0.363054   0.386720   0.409227   0.429995   0.447851   0.460424   0.463988   0.456009   0.435372   0.402164   0.357221   0.301344   0.235401   0.160565   0.077922   -0.011703   -0.107480   -0.209108   -0.316862   -0.430809   -0.550233   -0.673152   -0.795605   -0.912316   -1.020858   -1.123957   -1.230488   -1.353173   -1.496498   -1.645303   -1.779752   -1.896314   -2.002958   -2.108319   -2.217268   -2.330607   
0.332023   0.361556   0.389366   0.414648   0.436245   0.452806   0.460430   0.454894   0.434074   0.397695   0.346937   0.283091   0.207494   0.121668   0.026849   -0.075950   -0.185944   -0.303110   -0.427726   -0.559436   -0.696811   -0.836735   -0.973950   -1.103097   -1.222997   -1.339771   -1.467401   -1.620401   -1.794615   -1.965735   -2.116280   -2.249130   -2.374432   -2.500967   -2.632649   -2.770284   
0.297994   0.333853   0.367527   0.397656   0.423214   0.442898   0.454052   0.450936   0.429985   0.390234   0.333142   0.260639   0.174561   0.076793   -0.031278   -0.148469   -0.274168   -0.408576   -0.551738   -0.702675   -0.859150   -1.016872   -1.169580   -1.311916   -1.444424   -1.578793   -1.734397   -1.922542   -2.128205   -2.321412   -2.490350   -2.642587   -2.789847   -2.940845   -3.098987   -3.264661   
0.261597   0.303619   0.343501   0.378888   0.408673   0.431280   0.445167   0.444233   0.423112   0.379760   0.315805   0.233926   0.136490   0.025768   -0.096686   -0.229614   -0.372647   -0.526035   -0.689371   -0.860978   -1.037731   -1.214336   -1.383514   -1.539437   -1.686738   -1.844402   -2.034204   -2.260837   -2.498121   -2.714448   -2.904512   -3.079333   -3.251981   -3.431225   -3.619858   -3.816818   
0.223751   0.271310   0.317226   0.358216   0.392490   0.418110   0.434087   0.434926   0.413445   0.366238   0.294882   0.202865   0.093150   -0.031590   -0.169648   -0.319788   -0.481869   -0.655989   -0.841106   -1.034831   -1.233271   -1.430181   -1.616348   -1.786463   -1.952418   -2.139500   -2.368691   -2.636225   -2.905703   -3.147087   -3.361214   -3.561935   -3.763787   -3.975523   -4.198410   -4.429489   
0.185578   0.237532   0.288993   0.335546   0.374550   0.403288   0.421001   0.423063   0.400960   0.349628   0.270308   0.167352   0.044405   -0.095487   -0.250473   -0.419416   -0.602318   -0.798913   -1.007441   -1.224861   -1.446724   -1.665243   -1.868434   -2.054429   -2.244051   -2.466255   -2.739407   -3.049893   -3.352673   -3.621561   -3.862816   -4.093011   -4.328410   -4.576897   -4.837352   -5.105459   
0.147094   0.203239   0.259074   0.310894   0.354751   0.386718   0.405978   0.408744   0.385628   0.329881   0.242006   0.127270   -0.009911   -0.166159   -0.339498   -0.528929   -0.734473   -0.955299   -1.188912   -1.431845   -1.679153   -1.920016   -2.140331   -2.345297   -2.563822   -2.826409   -3.147780   -3.503220   -3.840907   -4.140059   -4.411660   -4.675362   -4.948975   -5.238172   -5.539321   -5.847566   
0.109920   0.168465   0.228283   0.284492   0.333002   0.368316   0.389000   0.392003   0.367451   0.306944   0.209887   0.082498   -0.069969   -0.243864   -0.437078   -0.648770   -0.878808   -1.125647   -1.386142   -1.656724   -1.931387   -2.194734   -2.433123   -2.661011   -2.913586   -3.221523   -3.595200   -3.997663   -4.372319   -4.704715   -5.010143   -5.311914   -5.628384   -5.961898   -6.307013   -6.658700   
0.075555   0.133906   0.196814   0.256498   0.309269   0.347980   0.370018   0.372879   0.346417   0.280754   0.173857   0.032900   -0.135980   -0.328882   -0.543586   -0.779386   -1.035791   -1.310470   -1.599847   -1.900506   -2.203973   -2.489774   -2.748220   -3.003362   -3.294941   -3.653137   -4.083147   -4.534716   -4.948847   -5.317646   -5.660775   -6.005570   -6.369300   -6.750615   -7.143160   -7.541782   
0.045437   0.101085   0.164731   0.227520   0.283675   0.325613   0.348964   0.351362   0.322520   0.251245   0.133814   -0.021672   -0.208162   -0.421508   -0.659413   -0.921225   -1.205892   -1.510320   -1.830844   -2.164075   -2.497173   -2.805823   -3.087060   -3.374013   -3.709340   -4.122788   -4.613132   -5.115993   -5.572447   -5.980987   -6.366171   -6.759085   -7.174174   -7.606904   -8.050518   -8.499762   
0.020094   0.070625   0.132961   0.197686   0.256313   0.301131   0.325760   0.327414   0.295744   0.218342   0.089649   -0.081378   -0.286748   -0.522057   -0.784958   -1.074719   -1.389587   -1.725804   -2.080005   -2.448103   -2.811255   -3.143907   -3.451089   -3.774480   -4.158169   -4.632027   -5.186627   -5.743189   -6.245056   -6.696930   -7.128978   -7.575043   -8.045426   -8.533375   -9.031865   -9.535604   
-0.001688   0.043909   0.102330   0.166837   0.227413   0.274487   0.300332   0.301010   0.266040   0.181968   0.041242   -0.146395   -0.371984   -0.630855   -0.920613   -1.240294   -1.587356   -1.957580   -2.348192   -2.753074   -3.146694   -3.505110   -3.841738   -4.206100   -4.642786   -5.182427   -5.805056   -6.418029   -6.968601   -7.467747   -7.951835   -8.455876   -8.985506   -9.532653   -10.089996   -10.652280   
-0.020991   0.020364   0.073330   0.135754   0.197326   0.245733   0.272607   0.272110   0.233378   0.142039   -0.011538   -0.216914   -0.464126   -0.748233   -1.066769   -1.418378   -1.799699   -2.206349   -2.636179   -3.079288   -3.504186   -3.890511   -4.260392   -4.670103   -5.164549   -5.775547   -6.469853   -7.142266   -7.745026   -8.295764   -8.837283   -9.403900   -9.996885   -10.607377   -11.227722   -11.852766   


#  Thrust coefficient

0.128823   0.128508   0.128082   0.127783   0.127667   0.127735   0.127973   0.128353   0.128835   0.129364   0.129883   0.130331   0.130648   0.130779   0.130676   0.130299   0.129616   0.128606   0.127261   0.125578   0.123573   0.121275   0.118711   0.115915   0.112907   0.109705   0.106311   0.102711   0.098875   0.094769   0.090359   0.085577   0.080353   0.074691   0.068625   0.062232   
0.168503   0.169821   0.171189   0.172644   0.174092   0.175429   0.176557   0.177390   0.177860   0.177910   0.177497   0.176593   0.175184   0.173271   0.170877   0.168041   0.164806   0.161231   0.157371   0.153263   0.148902   0.144255   0.139245   0.133803   0.127847   0.121246   0.113916   0.105911   0.097303   0.088180   0.078607   0.068638   0.058337   0.047815   0.037159   0.026437   
0.226749   0.229499   0.231829   0.233656   0.234862   0.235361   0.235099   0.234054   0.232232   0.229671   0.226433   0.222590   0.218249   0.213546   0.208579   0.203355   0.197799   0.191778   0.185173   0.177817   0.169466   0.160013   0.149540   0.138130   0.125931   0.113020   0.099504   0.085549   0.071278   0.056791   0.042174   0.027495   0.012806   -0.001852   -0.016416   -0.030775   
0.299182   0.301395   0.302528   0.302512   0.301316   0.298975   0.295570   0.291213   0.286091   0.280469   0.274579   0.268497   0.262113   0.255236   0.247638   0.238958   0.228744   0.216937   0.203622   0.189023   0.173265   0.156491   0.138961   0.120858   0.102321   0.083462   0.064377   0.045150   0.025860   0.006566   -0.012678   -0.031797   -0.050660   -0.069091   -0.086821   -0.103444   
0.379344   0.378941   0.376934   0.373412   0.368538   0.362626   0.356099   0.349327   0.342440   0.335288   0.327564   0.318817   0.308296   0.295556   0.280542   0.263537   0.244745   0.224512   0.203209   0.181079   0.158258   0.134890   0.111091   0.086968   0.062626   0.038167   0.013672   -0.010803   -0.035192   -0.059378   -0.083180   -0.106330   -0.128448   -0.149012   -0.167361   -0.182703   
0.462151   0.457717   0.451789   0.444907   0.437650   0.430384   0.423047   0.415195   0.406125   0.394808   0.380615   0.363352   0.343296   0.320808   0.296482   0.270781   0.244043   0.216472   0.188198   0.159294   0.129890   0.100110   0.070076   0.039901   0.009671   -0.020557   -0.050712   -0.080655   -0.110153   -0.138854   -0.166303   -0.191967   -0.215125   -0.234820   -0.249904   -0.259390   
0.545402   0.538075   0.530709   0.523629   0.516434   0.508200   0.497668   0.483858   0.466111   0.444450   0.419442   0.391914   0.362455   0.331480   0.299288   0.266132   0.232177   0.197560   0.162319   0.126584   0.090488   0.054161   0.017714   -0.018786   -0.055280   -0.091644   -0.127625   -0.162812   -0.196678   -0.228668   -0.258130   -0.284109   -0.305314   -0.320224   -0.327827   -0.328162   
0.634523   0.628076   0.621370   0.612886   0.601493   0.585930   0.565342   0.539965   0.510905   0.479008   0.444875   0.408945   0.371535   0.332873   0.293176   0.252663   0.211474   0.169630   0.127236   0.084441   0.041390   -0.001811   -0.045102   -0.088410   -0.131533   -0.174069   -0.215419   -0.254943   -0.291995   -0.325818   -0.355248   -0.378711   -0.394416   -0.401188   -0.399214   -0.390468   
0.735684   0.726946   0.715315   0.699068   0.676799   0.649234   0.617512   0.582392   0.544485   0.504301   0.462231   0.418549   0.373464   0.327168   0.279910   0.231882   0.183170   0.133792   0.083917   0.033712   -0.016714   -0.067300   -0.117960   -0.168408   -0.218087   -0.266233   -0.312095   -0.354936   -0.393920   -0.427770   -0.454790   -0.472912   -0.480511   -0.477615   -0.466377   -0.450817   
0.836723   0.819500   0.796412   0.768269   0.735803   0.699426   0.659596   0.616747   0.571270   0.523556   0.473896   0.422527   0.369665   0.315543   0.260466   0.204618   0.147979   0.090686   0.032933   -0.025150   -0.083496   -0.142015   -0.200360   -0.257841   -0.313533   -0.366555   -0.416065   -0.461178   -0.500646   -0.532783   -0.555292   -0.565875   -0.563900   -0.551288   -0.532655   -0.512886   
0.923485   0.893316   0.860013   0.823756   0.784392   0.741600   0.695324   0.645821   0.593364   0.538312   0.481023   0.421796   0.360904   0.298665   0.235432   0.171335   0.106360   0.040731   -0.025384   -0.091901   -0.158737   -0.225524   -0.291488   -0.355542   -0.416637   -0.473811   -0.526134   -0.572488   -0.611312   -0.640240   -0.656292   -0.657726   -0.645649   -0.624693   -0.600943   -0.579013   
0.993531   0.954451   0.913801   0.871347   0.826372   0.778295   0.726517   0.670911   0.611707   0.549311   0.484239   0.416900   0.347660   0.276964   0.205197   0.132387   0.058643   -0.015806   -0.090835   -0.166372   -0.242078   -0.317162   -0.390398   -0.460530   -0.526434   -0.587126   -0.641602   -0.688553   -0.725741   -0.749819   -0.757693   -0.749033   -0.727573   -0.700098   -0.673115   -0.650055   
1.058655   1.011522   0.963333   0.914314   0.863915   0.810841   0.753970   0.692612   0.626810   0.557017   0.483956   0.408209   0.330272   0.250743   0.170015   0.088044   0.005055   -0.078751   -0.163282   -0.248280   -0.333008   -0.416177   -0.496305   -0.572035   -0.642290   -0.706102   -0.762446   -0.809435   -0.843743   -0.861275   -0.859760   -0.840993   -0.811355   -0.779057   -0.750056   -0.726032   
1.122411   1.067313   1.011447   0.955189   0.898390   0.840066   0.778184   0.711302   0.639024   0.561760   0.480481   0.396006   0.309010   0.220260   0.130100   0.038505   -0.054242   -0.147973   -0.242512   -0.337247   -0.430947   -0.521940   -0.608582   -0.689589   -0.763966   -0.830854   -0.888862   -0.935063   -0.965049   -0.974704   -0.963139   -0.934789   -0.898276   -0.862430   -0.831978   -0.807220   
1.185844   1.122689   1.058953   0.995115   0.931134   0.866689   0.799608   0.727277   0.648616   0.563802   0.474057   0.380513   0.284082   0.185706   0.085630   -0.016079   -0.119123   -0.223326   -0.328254   -0.432852   -0.535392   -0.633942   -0.726859   -0.813026   -0.891615   -0.961646   -1.020898   -1.065231   -1.089617   -1.090395   -1.068589   -1.031359   -0.989153   -0.950632   -0.919052   -0.894215   
1.248974   1.177984   1.106197   1.034414   0.962920   0.891436   0.818656   0.740811   0.655802   0.563353   0.464878   0.361910   0.255661   0.147230   0.036748   -0.075584   -0.189472   -0.304617   -0.420224   -0.534704   -0.645937   -0.751856   -0.851007   -0.942485   -1.025518   -1.098617   -1.158417   -1.199857   -1.217568   -1.208704   -1.176751   -1.131419   -1.084455   -1.043876   -1.011775   -0.987343   
1.310860   1.233073   1.153347   1.073340   0.994015   0.914953   0.835722   0.752149   0.660770   0.560583   0.453103   0.340344   0.223881   0.104941   -0.016430   -0.139908   -0.265163   -0.391659   -0.518129   -0.642479   -0.762289   -0.875565   -0.981118   -1.078220   -1.165885   -1.241720   -1.301332   -1.338958   -1.349026   -1.330005   -1.288147   -1.235448   -1.184511   -1.142519   -1.110521   -1.086515   
1.370309   1.287219   1.200387   1.112042   1.024568   0.937596   0.851211   0.761556   0.663679   0.555636   0.438865   0.315944   0.188866   0.058948   -0.073809   -0.208962   -0.346070   -0.484261   -0.621726   -0.755929   -0.884313   -1.005111   -1.117389   -1.220461   -1.312743   -1.390886   -1.449628   -1.482564   -1.484118   -1.454644   -1.403178   -1.343779   -1.289640   -1.246972   -1.215372   -1.191443   
1.426052   1.339628   1.246805   1.150600   1.054696   0.959497   0.865434   0.769215   0.664665   0.548634   0.422281   0.288820   0.150728   0.009335   -0.135315   -0.282656   -0.432070   -0.582241   -0.730814   -0.874912   -1.012008   -1.140620   -1.260039   -1.369323   -1.466061   -1.546072   -1.603310   -1.630700   -1.622998   -1.582912   -1.522139   -1.456706   -1.400218   -1.357452   -1.326138   -1.301909   
1.478394   1.389143   1.292202   1.188895   1.084491   0.980763   0.878610   0.775344   0.663850   0.539685   0.403450   0.259062   0.109540   -0.043828   -0.200879   -0.360913   -0.523055   -0.685450   -0.845260   -0.999373   -1.145437   -1.282260   -1.409231   -1.524814   -1.625800   -1.707270   -1.762379   -1.783392   -1.765834   -1.715044   -1.645274   -1.574570   -1.516580   -1.473962   -1.442606   -1.417762   
1.525676   1.435914   1.335518   1.226511   1.114003   1.001486   0.890884   0.780109   0.661366   0.528880   0.382453   0.226749   0.065375   -0.100482   -0.270441   -0.443664   -0.618921   -0.793776   -0.964985   -1.129327   -1.284703   -1.430194   -1.565036   -1.686910   -1.791934   -1.874481   -1.926827   -1.940678   -1.912780   -1.851214   -1.772815   -1.697730   -1.638897   -1.596338   -1.564621   -1.538899   
1.566422   1.479321   1.376595   1.263210   1.143199   1.021726   0.902361   0.783664   0.657317   0.516294   0.359357   0.191944   0.018267   -0.160576   -0.343953   -0.530856   -0.719582   -0.907146   -1.089960   -1.264825   -1.429920   -1.584543   -1.727461   -1.855584   -1.964457   -2.047701   -2.096645   -2.102605   -2.063964   -1.991571   -1.905038   -1.826496   -1.767189   -1.724428   -1.692067   -1.665259   
1.599507   1.517687   1.415510   1.298192   1.171843   1.041526   0.913117   0.786114   0.651802   0.501993   0.334219   0.154700   -0.031744   -0.224071   -0.421386   -0.622440   -0.824972   -1.025509   -1.220189   -1.405930   -1.581207   -1.745368   -1.896495   -2.030814   -2.143367   -2.226924   -2.271826   -2.269229   -2.219499   -2.136264   -2.042239   -1.961068   -1.901348   -1.858111   -1.824856   -1.796802   
1.624958   1.550636   1.451239   1.331346   1.199772   1.060910   0.923199   0.787532   0.644905   0.486031   0.307091   0.115068   -0.084623   -0.290939   -0.502716   -0.718370   -0.935049   -1.148843   -1.355700   -1.552713   -1.738659   -1.912687   -2.072116   -2.212592   -2.328667   -2.412145   -2.452373   -2.440613   -2.379472   -2.285457   -2.184701   -2.101528   -2.041254   -1.997297   -1.962925   -1.933508   
1.644591   1.577040   1.482939   1.362969   1.226676   1.079862   0.932643   0.787989   0.636683   0.468458   0.278016   0.073083   -0.140343   -0.361166   -0.587923   -0.818605   -1.049779   -1.277139   -1.496524   -1.705245   -1.902336   -2.086498   -2.254304   -2.400921   -2.520358   -2.603351   -2.638285   -2.616816   -2.543961   -2.439347   -2.332670   -2.247863   -2.186811   -2.141913   -2.106232   -2.075365   
1.660044   1.597970   1.510367   1.392169   1.252131   1.098264   0.941480   0.787546   0.627205   0.449317   0.247032   0.028769   -0.198888   -0.434739   -0.676986   -0.923117   -1.169144   -1.410406   -1.642697   -1.863599   -2.072270   -2.266792   -2.443047   -2.595804   -2.718441   -2.800530   -2.829569   -2.797895   -2.713049   -2.598141   -2.486320   -2.399993   -2.337945   -2.291902   -2.254748   -2.222362   


# Torque coefficient

0.003340   0.004911   0.006545   0.008262   0.010070   0.011970   0.013957   0.016018   0.018137   0.020289   0.022450   0.024593   0.026688   0.028710   0.030632   0.032429   0.034079   0.035559   0.036851   0.037934   0.038797   0.039434   0.039841   0.040018   0.039964   0.039689   0.039208   0.038533   0.037670   0.036612   0.035343   0.033836   0.032060   0.030017   0.027717   0.025188   
0.008045   0.010762   0.013563   0.016429   0.019324   0.022210   0.025048   0.027802   0.030438   0.032930   0.035250   0.037375   0.039282   0.040944   0.042339   0.043450   0.044267   0.044789   0.045017   0.044964   0.044644   0.044075   0.043258   0.042191   0.040851   0.039196   0.037198   0.034870   0.032229   0.029301   0.026107   0.022669   0.019018   0.015205   0.011268   0.007241   
0.016268   0.019993   0.023649   0.027195   0.030591   0.033804   0.036803   0.039565   0.042064   0.044273   0.046161   0.047700   0.048876   0.049695   0.050168   0.050302   0.050100   0.049567   0.048711   0.047511   0.045912   0.043888   0.041453   0.038619   0.035421   0.031878   0.028030   0.023941   0.019657   0.015218   0.010653   0.005985   0.001235   -0.003577   -0.008428   -0.013295   
0.025774   0.029993   0.033986   0.037720   0.041171   0.044314   0.047125   0.049565   0.051603   0.053232   0.054458   0.055280   0.055675   0.055634   0.055159   0.054221   0.052762   0.050780   0.048288   0.045325   0.041908   0.038080   0.033913   0.029460   0.024768   0.019876   0.014816   0.009617   0.004299   -0.001126   -0.006638   -0.012206   -0.017789   -0.023358   -0.028889   -0.034358   
0.034814   0.039208   0.043266   0.046970   0.050298   0.053228   0.055741   0.057821   0.059439   0.060545   0.061084   0.061010   0.060266   0.058852   0.056796   0.054153   0.050947   0.047251   0.043147   0.038686   0.033900   0.028825   0.023497   0.017956   0.012237   0.006368   0.000365   -0.005772   -0.012031   -0.018366   -0.024710   -0.031003   -0.037195   -0.043284   -0.049297   -0.055159   
0.042659   0.047120   0.051221   0.054958   0.058302   0.061193   0.063544   0.065223   0.066090   0.066040   0.065106   0.063372   0.060934   0.057863   0.054267   0.050218   0.045765   0.040937   0.035756   0.030241   0.024429   0.018365   0.012089   0.005633   -0.000989   -0.007782   -0.014751   -0.021860   -0.029015   -0.036100   -0.043021   -0.049760   -0.056424   -0.063070   -0.069549   -0.075659   
0.049317   0.054120   0.058592   0.062625   0.066025   0.068556   0.069984   0.070226   0.069360   0.067568   0.065045   0.061934   0.058310   0.054218   0.049685   0.044730   0.039369   0.033622   0.027509   0.021072   0.014359   0.007411   0.000253   -0.007113   -0.014705   -0.022523   -0.030495   -0.038466   -0.046263   -0.053785   -0.061080   -0.068376   -0.075767   -0.083059   -0.089903   -0.095873   
0.055733   0.061091   0.065751   0.069416   0.071826   0.072798   0.072397   0.070934   0.068734   0.065944   0.062616   0.058785   0.054468   0.049669   0.044393   0.038653   0.032468   0.025862   0.018880   0.011576   0.003994   -0.003843   -0.011941   -0.020324   -0.028989   -0.037831   -0.046635   -0.055172   -0.063328   -0.071206   -0.079160   -0.087402   -0.095680   -0.103545   -0.110416   -0.116207   
0.061402   0.066393   0.070180   0.072429   0.073076   0.072502   0.071083   0.069019   0.066369   0.063155   0.059394   0.055087   0.050225   0.044800   0.038821   0.032314   0.025314   0.017864   0.010027   0.001856   -0.006625   -0.015424   -0.024572   -0.034062   -0.043779   -0.053464   -0.062820   -0.071685   -0.080185   -0.088783   -0.097879   -0.107298   -0.116477   -0.124582   -0.131461   -0.137667   
0.063740   0.067402   0.069590   0.070539   0.070523   0.069738   0.068292   0.066191   0.063433   0.060025   0.055965   0.051243   0.045849   0.039789   0.033093   0.025809   0.017986   0.009692   0.000991   -0.008083   -0.017536   -0.027401   -0.037678   -0.048261   -0.058881   -0.069165   -0.078860   -0.088052   -0.097259   -0.107103   -0.117688   -0.128374   -0.138100   -0.146379   -0.153742   -0.160896   
0.061104   0.063529   0.065126   0.066071   0.066420   0.066099   0.065004   0.063103   0.060380   0.056842   0.052498   0.047348   0.041399   0.034678   0.027245   0.019172   0.010520   0.001368   -0.008233   -0.018275   -0.028795   -0.039802   -0.051216   -0.062791   -0.074118   -0.084800   -0.094814   -0.104639   -0.115053   -0.126606   -0.138852   -0.150533   -0.160604   -0.169381   -0.177699   -0.186189   
0.055238   0.057399   0.059254   0.060813   0.061857   0.062174   0.061576   0.059966   0.057323   0.053665   0.049023   0.043421   0.036888   0.029485   0.021305   0.012425   0.002927   -0.007113   -0.017668   -0.028765   -0.040427   -0.052606   -0.065107   -0.077539   -0.089381   -0.100416   -0.110966   -0.121829   -0.133973   -0.147552   -0.161342   -0.173661   -0.184243   -0.193930   -0.203559   -0.213567   
0.048889   0.051249   0.053474   0.055544   0.057235   0.058181   0.058107   0.056827   0.054285   0.050503   0.045545   0.039466   0.032326   0.024226   0.015281   0.005576   -0.004794   -0.015768   -0.027352   -0.039580   -0.052432   -0.065775   -0.079284   -0.092416   -0.104704   -0.116209   -0.127582   -0.139961   -0.154312   -0.170004   -0.184940   -0.197857   -0.209279   -0.220208   -0.231366   -0.242972   
0.042753   0.045540   0.048190   0.050636   0.052739   0.054219   0.054639   0.053699   0.051269   0.047359   0.042066   0.035486   0.027721   0.018908   0.009176   -0.001378   -0.012657   -0.024624   -0.037313   -0.050732   -0.064795   -0.079270   -0.093690   -0.107434   -0.120215   -0.132356   -0.144901   -0.159348   -0.176226   -0.193749   -0.209582   -0.223308   -0.235867   -0.248274   -0.261104   -0.274450   
0.036927   0.040211   0.043304   0.046116   0.048518   0.050360   0.051208   0.050592   0.048276   0.044230   0.038585   0.031485   0.023077   0.013532   0.002986   -0.008447   -0.020680   -0.033711   -0.047570   -0.062219   -0.077497   -0.093059   -0.108320   -0.122683   -0.136018   -0.149005   -0.163200   -0.180216   -0.199592   -0.218623   -0.235366   -0.250141   -0.264077   -0.278150   -0.292795   -0.308103   
0.031398   0.035176   0.038724   0.041898   0.044591   0.046665   0.047841   0.047512   0.045305   0.041116   0.035101   0.027462   0.018392   0.008091   -0.003296   -0.015643   -0.028887   -0.043049   -0.058133   -0.074036   -0.090523   -0.107141   -0.123231   -0.138228   -0.152189   -0.166347   -0.182742   -0.202566   -0.224235   -0.244592   -0.262392   -0.278432   -0.293948   -0.309858   -0.326520   -0.343976   
0.026185   0.030391   0.034383   0.037925   0.040906   0.043169   0.044559   0.044466   0.042351   0.038012   0.031611   0.023415   0.013662   0.002579   -0.009678   -0.022983   -0.037300   -0.052654   -0.069003   -0.086180   -0.103872   -0.121549   -0.138483   -0.154090   -0.168834   -0.184616   -0.203614   -0.226299   -0.250050   -0.271703   -0.290728   -0.308227   -0.325508   -0.343449   -0.362331   -0.382045   
0.021330   0.025864   0.030241   0.034148   0.037416   0.039858   0.041381   0.041461   0.039413   0.034913   0.028111   0.019339   0.008880   -0.003011   -0.016172   -0.030485   -0.045936   -0.062535   -0.080182   -0.098649   -0.117566   -0.136337   -0.154085   -0.170301   -0.186122   -0.203956   -0.225805   -0.251308   -0.276997   -0.300008   -0.320421   -0.339555   -0.358797   -0.378982   -0.400229   -0.422258   
0.016887   0.021614   0.026297   0.030533   0.034082   0.036697   0.038309   0.038497   0.036486   0.031815   0.024597   0.015228   0.004041   -0.008689   -0.022792   -0.038165   -0.054808   -0.072698   -0.091673   -0.111457   -0.131646   -0.151530   -0.170019   -0.186944   -0.204199   -0.224419   -0.249274   -0.277527   -0.305079   -0.329547   -0.351500   -0.372446   -0.393867   -0.416478   -0.440178   -0.464575   
0.012803   0.017690   0.022550   0.027060   0.030877   0.033660   0.035336   0.035577   0.033565   0.028713   0.021064   0.011078   -0.000863   -0.014462   -0.029550   -0.046038   -0.063928   -0.083149   -0.103482   -0.124627   -0.146152   -0.167117   -0.186293   -0.204133   -0.223153   -0.246009   -0.273981   -0.304918   -0.334310   -0.360348   -0.383988   -0.406941   -0.430756   -0.455927   -0.482139   -0.508968   
0.009169   0.014052   0.019042   0.023730   0.027777   0.030722   0.032448   0.032698   0.030650   0.025603   0.017507   0.006881   -0.005836   -0.020341   -0.036458   -0.054116   -0.073304   -0.093893   -0.115622   -0.138192   -0.161102   -0.183069   -0.202953   -0.221962   -0.243030   -0.268716   -0.299885   -0.333456   -0.364707   -0.392433   -0.417910   -0.443081   -0.469479   -0.497298   -0.526085   -0.555420   
0.006050   0.010723   0.015760   0.020539   0.024765   0.027865   0.029630   0.029859   0.027740   0.022482   0.013922   0.002635   -0.010889   -0.026336   -0.043528   -0.062410   -0.082942   -0.104937   -0.128110   -0.152185   -0.176486   -0.199372   -0.220067   -0.240498   -0.263846   -0.292529   -0.326963   -0.363123   -0.396285   -0.425817   -0.453293   -0.480903   -0.510029   -0.540564   -0.571997   -0.603917   
0.003498   0.007783   0.012684   0.017518   0.021842   0.025071   0.026869   0.027054   0.024833   0.019345   0.010303   -0.001669   -0.016028   -0.032455   -0.050772   -0.070931   -0.092849   -0.116289   -0.140968   -0.166626   -0.192273   -0.216038   -0.237692   -0.259787   -0.285606   -0.317440   -0.355194   -0.393913   -0.429058   -0.460514   -0.490172   -0.520425   -0.552385   -0.585704   -0.619861   -0.654451   
0.001490   0.005236   0.009858   0.014657   0.019004   0.022327   0.024153   0.024276   0.021928   0.016189   0.006647   -0.006034   -0.021261   -0.038708   -0.058200   -0.079685   -0.103030   -0.127959   -0.154221   -0.181514   -0.208440   -0.233104   -0.255880   -0.279858   -0.308306   -0.343440   -0.384561   -0.425827   -0.463037   -0.496541   -0.528576   -0.561649   -0.596525   -0.632704   -0.669664   -0.707014   
-0.000121   0.003139   0.007316   0.011928   0.016259   0.019625   0.021473   0.021521   0.019021   0.013010   0.002949   -0.010467   -0.026596   -0.045104   -0.065821   -0.088677   -0.113491   -0.139960   -0.167888   -0.196836   -0.224978   -0.250604   -0.274671   -0.300722   -0.331943   -0.370526   -0.415042   -0.458867   -0.498231   -0.533919   -0.568529   -0.604567   -0.642433   -0.681552   -0.721401   -0.761602   
-0.001449   0.001406   0.005062   0.009371   0.013622   0.016963   0.018818   0.018784   0.016110   0.009805   -0.000797   -0.014974   -0.032039   -0.051651   -0.073640   -0.097912   -0.124235   -0.152307   -0.181979   -0.212567   -0.241898   -0.268567   -0.294100   -0.322383   -0.356515   -0.398693   -0.446622   -0.493039   -0.534649   -0.572667   -0.610048   -0.649163   -0.690097   -0.732240   -0.775063   -0.818211   

